19 13
	30.0   	35.0	40.0    45.0	50.0    55.0	60.0	65.0	70.0    75.0	80.0    85.0	90.0    
0.0	7340.91 7340.91 7340.91 7340.91 7340.91 7340.91 7340.91 7340.91 7340.91 7340.91 7340.91 7340.91 7340.91 
5.0	7337.36 7337.36 7337.36 7337.35 7337.34 7337.33 7337.32 7337.32 7337.31 7337.30 7337.29 7337.29 7337.29 
10.0	7327.71 7327.70 7327.69 7327.66 7327.63 7327.59 7327.55 7327.51 7327.47 7327.44 7327.42 7327.40 7327.40 
15.0    7314.00 7314.00 7314.01 7314.02 7314.04 7314.07 7314.12 7314.17 7314.23 7314.28 7314.33 7314.36 7314.37 
20.0    7297.94 7298.00 7298.19 7298.50 7298.94 7299.50 7300.14 7300.83 7301.52 7302.15 7302.66 7302.99 7303.11 
25.0    7279.71 7279.94 7280.64 7281.82 7283.45 7285.51 7287.90 7290.48 7293.06 7295.42 7297.31 7298.54 7298.97 
30.0    7257.54 7258.10 7259.79 7262.63 7266.63 7271.72 7277.69 7284.20 7290.77 7296.79 7301.66 7304.83 7305.93 
35.0    7228.24 7229.29 7232.46 7237.87 7245.59 7255.53 7267.37 7280.43 7293.72 7305.99 7315.94 7322.44 7324.70 
40.0    7188.42 7190.06 7195.08 7203.76 7216.36 7232.90 7252.89 7275.21 7298.10 7319.35 7336.65 7347.96 7351.90 
45.0    7135.72 7137.95 7144.86 7157.06 7175.19 7199.50 7229.42 7263.24 7298.18 7330.75 7357.30 7374.66 7380.69 
50.0    7069.85 7072.50 7080.88 7096.14 7119.60 7151.97 7192.66 7239.30 7287.85 7333.21 7370.18 7394.33 7402.72 
55.0    6993.25 6995.94 7004.79 7021.75 7049.20 7088.71 7139.82 7199.40 7261.92 7320.48 7368.17 7399.27 7410.07 
60.0    6911.59 6913.72 6921.29 6937.48 6966.26 7010.51 7070.22 7141.48 7217.08 7288.13 7345.97 7383.64 7396.70 
65.0    6834.13 6834.82 6838.62 6850.31 6876.09 6920.93 6985.73 7065.92 7152.39 7234.15 7300.77 7344.13 7359.16 
70.0    6773.43 6771.61 6768.54 6770.83 6787.59 6826.83 6891.21 6975.80 7069.56 7159.21 7232.53 7280.29 7296.84 
75.0    6743.33 6738.04 6725.06 6712.73 6713.27 6738.73 6794.92 6877.38 6973.28 7066.88 7144.11 7194.58 7212.09 
80.0    6754.23 6745.01 6720.44 6689.80 6667.71 6670.54 6708.86 6780.49 6871.57 6963.96 7041.51 7092.58 7110.34 
85.0    6807.56 6794.71 6759.16 6710.10 6662.88 6636.82 6647.85 6698.56 6776.15 6860.77 6934.16 6983.22 7000.39 
90.0    6894.48 6878.92 6834.97 6771.06 6701.74 6646.77 6625.58 6646.77 6701.74 6771.06 6834.97 6878.92 6894.48 
