TABLE 15 Bulk wave velocities (m/s), acoustic wave - quasi-longitudinal; data set - Smith and Welsh [3]; temperature - 100.0°C; stoichiometry unknown.
0\ф		30.0	35.0    40.0    45.0	50.0    55.0	60.0	65.0	70.0	75.0	80.0	85.0	90.0   
0.0    	7312.51 7312.51 7312.51 7312.51 7312.51 7312.51 7312.51 7312.51 7312.51 7312.51 7312.51 7312.51 7312.51 
5.0    	7309.02 7309.02 7309.01 7309.01 7309.01 7309.00 7308.99 7308.99 7308.98 7308.98 7308.97 7308.97 7308.97 
10.0    7299.43 7299.43 7299.42 7299.41 7299.39 7299.38 7299.36 7299.34 7299.33 7299.32 7299.31 7299.30 7299.30 
15.0    7285.58 7285.59 7285.62 7285.68 7285.75 7285.85 7285.96 7286.08 7286.20 7286.31 7286.40 7286.46 7286.48 
20.0    7268.96 7269.04 7269.28 7269.68 7270.23 7270.91 7271.68 7272.51 7273.32 7274.06 7274.64 7275.02 7275.15 
25.0    7249.67 7249.93 7250.72 7252.02 7253.82 7256.07 7258.66 7261.44 7264.20 7266.70 7268.70 7270.00 7270.45 
30.0    7225.98 7226.57 7228.38 7231.41 7235.63 7240.97 7247.19 7253.93 7260.70 7266.88 7271.86 7275.10 7276.22 
35.0    7194.84 7195.93 7199.26 7204.90 7212.89 7223.13 7235.25 7248.54 7262.01 7274.41 7284.44 7290.98 7293.25 
40.0    7153.00 7154.71 7159.92 7168.88 7181.82 7198.69 7218.97 7241.51 7264.54 7285.85 7303.17 7314.47 7318.40 
45.0    7098.24 7100.55 7107.71 7120.26 7138.80 7163.50 7193.73 7227.75 7262.79 7295.35 7321.84 7339.13 7345.14 
50.0    7030.34 7033.09 7041.78 7057.49 7081.45 7114.30 7155.35 7202.20 7250.79 7296.09 7332.95 7357.00 7365.35 
55.0    6951.77 6954.60 6963.82 6981.34 7009.43 7049.53 7101.07 7160.90 7223.46 7281.92 7329.46 7360.44 7371.19 
60.0    6868.26 6870.54 6878.57 6895.43 6924.97 6969.95 7030.21 7101.79 7177.45 7248.40 7306.07 7343.60 7356.61 
65.0    6789.13 6789.98 6794.29 6806.74 6833.42 6879.12 6944.60 7025.18 7111.76 7193.43 7259.90 7303.12 7318.09 
70.0    6727.09 6725.44 6722.87 6725.95 6743.67 6783.87 6849.04 6934.10 7028.03 7117.61 7190.79 7238.41 7254.91 
75.0    6696.21 6691.07 6678.52 6666.89 6668.32 6694.74 6751.76 6834.75 6930.86 7024.43 7101.53 7151.86 7169.32 
80.0    6707.04 6697.93 6673.68 6643.55 6622.14 6625.75 6664.80 6736.94 6828.23 6920.60 6998.03 7048.96 7066.68 
85.0    6760.94 6748.16 6712.83 6664.08 6617.25 6591.63 6603.10 6654.14 6731.87 6816.45 6889.69 6938.62 6955.74 
90.0    6848.80 6833.30 6789.50 6725.78 6656.62 6601.73 6580.56 6601.73 6656.62 6725.78 6789.50 6833.30 6848.80 