30.0   	35.0    40.0    45.0    50.0    55.0   	60.0    65.0    70.0    75.0    80.0    85.0    90.0   
0.0		3580.96 3580.96 3580.96 3580.96 3580.96 3580.96 3580.96 3580.96 3580.96 3580.96 3580.96 3580.96 3580.96 
5.0    	3641.18 3640.99 3640.44 3639.54 3638.34 3636.89 3635.27 3633.56 3631.89 3630.38 3629.17 3628.39 3628.12 
10.0    3721.50 3721.00 3719.52 3717.08 3713.74 3709.56 3704.69 3699.31 3693.70 3688.28 3683.61 3680.37 3679.21 
15.0    3804.81 3804.13 3802.10 3798.70 3793.95 3787.85 3780.45 3771.87 3762.34 3752.33 3742.80 3735.43 3732.55 
20.0    3877.54 3876.88 3874.88 3871.50 3866.68 3860.36 3852.43 3842.83 3831.53 3818.67 3804.90 3792.31 3786.47 
25.0    3933.10 3932.57 3930.96 3928.23 3924.32 3919.10 3912.42 3904.08 3893.82 3881.36 3866.57 3850.11 3839.33 
30.0    3972.62 3972.20 3970.93 3968.82 3965.82 3961.90 3956.95 3950.81 3943.22 3933.76 3921.84 3906.72 3889.61 
35.0    4003.37 4002.94 4001.67 3999.57 3996.69 3993.09 3988.83 3983.95 3978.40 3972.00 3964.29 3954.50 3944.53 
40.0    4035.75 4035.20 4033.55 4030.83 4027.10 4022.47 4017.11 4011.25 4005.19 3999.17 3993.24 3986.91 3979.88 
45.0    4079.84 4079.15 4077.08 4073.60 4068.66 4062.27 4054.56 4045.82 4036.60 4027.67 4019.93 4014.18 4011.70 
50.0    4142.43 4141.77 4139.70 4135.99 4130.25 4122.04 4111.04 4097.36 4081.79 4065.96 4052.13 4042.65 4039.27 
55.0    4225.05 4224.71 4223.47 4220.55 4214.68 4204.23 4187.76 4164.97 4137.38 4108.48 4082.91 4065.28 4058.98 
60.0    4322.93 4323.38 4324.19 4323.59 4318.58 4305.40 4280.97 4244.83 4200.13 4153.08 4111.21 4081.54 4070.33 
65.0    4425.12 4427.02 4431.69 4435.89 4434.01 4419.23 4386.47 4335.46 4271.62 4204.28 4143.72 4097.92 4073.07 
70.0    4515.69 4519.86 4530.84 4543.62 4549.27 4537.00 4499.14 4435.71 4354.89 4269.88 4194.94 4142.33 4122.38 
75.0    4576.84 4584.07 4603.87 4629.70 4649.17 4646.65 4610.78 4541.43 4449.86 4353.90 4272.53 4220.65 4203.58 
80.0    4594.62 4605.23 4635.21 4677.42 4716.82 4732.79 4708.94 4643.45 4550.08 4451.02 4368.51 4317.16 4300.36 
85.0    4565.16 4578.74 4618.10 4676.72 4738.60 4779.59 4777.84 4727.53 4642.71 4548.47 4469.03 4419.10 4402.53 
90.0    4496.18 4511.78 4557.95 4629.50 4710.96 4777.16 4802.87 4777.16 4710.96 4629.50 4557.95 4511.78 4496.18 