19 13
	30.0    35.0  	40.0   	45.0    50.0    55.0 	60.0	65.0	70.0	75.0	80.0    85.0	90.0   
0.0    	7333.81 7333.81 7333.81 7333.81 7333.81 7333.81 7333.81 7333.81 7333.81 7333.81 7333.81 7333 81 7333.81 
5.0    	7330.28 7330.28 7330.28 7330.27 7330.27 7330.26 7330.25 7330.24 7330.24 7330.23 7330.22 7330.22 7330.22 
10.0    7320.65 7320.65 7320.63 7320.61 7320.58 7320.55 7320.51 7320.48 7320.45 7320.42 7320.40 7320.39 7320.39 
15.0    7306.91 7306.92 7306.93 7306.95 7306.99 7307.04 7307.10 7307.17 7307.24 7307.31 7307.37 7307.40 7307.42 
20.0    7290.71 7290.78 7290.98 7291.32 7291.79 7292.37 7293.04 7293.77 7294.49 7295.15 7295.68 7296.02 7296.14 
25.0    7272.22 7272.46 7273.18 7274.39 7276.06 7278.17 7280.61 7283.24 7285.86 7288.25 7290.18 7291.42 7291.85 
30.0    7249.67 7250.24 7251.95 7254.84 7258.90 7264.04 7270.08 7276.65 7283.26 7289.32 7294.22 7297.40 7298.51 
35.0    7219.91 7220.97 7224.18 7229.65 7237.43 7247.44 7259.35 7272.47 7285.79 7298.09 7308.06 7314.57 7316.83 
40.0    7179.59 7181.24 7186.31 7195.06 7207.74 7224.35 7244.41 7266.78 7289.70 7310.96 7328.26 7339.57 7343.50 
45.0    7126.38 7128.62 7135.59 7147.88 7166.10 7190.51 7220.50 7254.36 7289.32 7321.88 7348.40 7365.74 7371.77 
50.0    7060.00 7062.67 7071.13 7086.50 7110.08 7142.56 7183.33 7230.02 7278.56 7323.90 7360.84 7384 96 7393.33 
55.0    6982.91 6985.64 6994.38 7011.67 7039.28 7078.93 7130.13 7189.76 7252.28 7310.81 7358.45 7389.52 7400.30 
60.0    6900.80 6902.97 6910.65 6927.01 6955 96 7000.39 7060.22 7131.55 7207.16 7278.17 7335.96 7373.59 7386.63 
65.0    6822.93 6823.66 6827.58 6839.46 6865.46 6910.50 6975.46 7055.73 7142.22 7223.95 7290.52 7333.84 7348.85 
70.0    6761.90 6760.12 6757.17 6759.66 6776.65 6816.12 6880.69 6965.38 7059.18 7148.79 7222.07 7269.79 7286.33 
75.0    6731.60 6726.35 6713.48 6701.33 6702.08 6727.78 6784.16 6866.74 6962.68 7056.26 7133.45 7183.88 7201.37 
80.0    6742.48 6733.28 6708.80 6678.29 6656.37 6659.39 6697.89 6769.63 6860.75 6953.12 7030.64 7081.67 7099.42 
85.0    6795.93 6783.11 6747.62 6698.64 6651.52 6625.58 6636.72 6687.50 6765.11 6849.71 6923.05 6972.07 6989.23 
90.0    6883.08 6867.53 6823.63 6759.77 6690.50 6635.56 6614.38 6635.56 6690.50 6759.77 6823.63 6867.53 6883.08