30.0    35.0	40.0	45.0	50.0	55.0	60.0    65.0	70.0	75.0	80.0	85.0	90.0   
0.0  	7326.72 7326.72 7326.72 7326.72 7326.72 7326.72 7326.72 7326.72 7326.72 7326.72 7326.72 7326.72 7326.72  
5.0  	7323.20 7323.20 7323.20 7323.19 7323.19 7323.18 7323.17 7323.16 7313.16 7323.15 7323.15 7323.14 7323.14  
10.0 	7313.59 7313.58 7313.57 7313.55 7313.53 7313.50 7313.47 7313.44 7313.42 7313.40 7313.38 7313.37 7313.37  
15.0 	7299.81 7299.82 7299.84 7299.87 7299.92 7299.99 7300.06 7300.15 7300.24 7300.32 7300.39 7300.43 7300.45  
20.0 	7283.48 7283.55 7283.76 7284.12 7284.61 7285.23 7285.94 7286.70 7287.45 7288.13 7288.68 7289.03 7289.15 
25.0 	7264.72 7264.96 7265.71 7266.95 7268.67 7270.82 7273.30 7275.98 7278.65 7281.08 7283.03 7284.29 7284.73  
30.0 	7241.78 7242.36 7244.11 7247.04 7251.16 7256.36 7262.46 7269.08 7275.75 7281.85 7286.77 7289.97 7291.08  
35.0 	7211.57 7212.64 7215.89 7221.41 7229.26 7239.35 7251.32 7264.50 7277.87 7290.19 7300.18 7306.70 7308.97  
40.0	7170.74 7172.41 7177.52 7186.34 7199.11 7215.81 7235.93 7258.35 7281.30 7302.58 7319.88 7331.19 7335.12 
45.0	7117.02 7119.28 7126.31 7138.68 7157.01 7181.51 7211.58 7245.48 7280.46 7313.02 7339.53 7356.85 7362.87  
50.0	7050.13 7052.83 7061.37 7076.85 7100.55 7133.15 7174.01 7220.74 7269.30 7314.61 7351.52 7375.61 7383.98  
55.0	6972.55 6975.32 6984.35 7001.58 7029.34 7069.14 7120.45 7180.14 7242.66 7301.16 7348.77 7379.80 7390.57  
60.0	6889.98 6892.19 6899.98 6916.50 6945.65 6990.25 7050.22 7121.63 7197.24 7268.23 7325.97 7363.57 7376.60  
65.0	6811.70 6812.46 6816.51 6828.58 6854.80 6900.06 6965.19 7045.55 7132.06 7213.76 7280.29 7323.58 7338.57  
70.0 	6750.33 6748.60 6745.77 6748.46 6765.69 6805.39 6870.15 6954.96 7048.79 7138.39 7211.63 7259.32 7275.83  
75.0	6719.84 6714.62 6701.86 6689.88 6690.86 6716.79 6773.38 6856.09 6952.07 7045.65 7122.80 7173.20 7190.68  
80.0	6730.70 6721.53 6697.12 6666.74 6644.99 6648.21 6686.88 6758.75 6849.92 6942.29 7019.76 7070.76 7088.50  
85.0	6784.29 6771.48 6736.05 6687.15 6640.13 6614.30 6625.54 6676.41 6754.05 6838.63 6911.94 6960.93 6978.07  
90.0 	6871.66 6856.14 6812.27 6748.46 6679.24 6624.31 6603.14 6624.31 6679.24 6748.46 6812.27 6856.14 6871.66 